{
"line_pt_pairs": [
[
[
-0.03816322641121661,
-0.06603184069933665,
0.0030152220811697494
],
[
0.4618367735887836,
0.7990920876057543,
-0.036489064698466134
]
],
[
[
0.3703983596160789,
0.803577728848701,
0.013815112107766342
],
[
0.7152300002219629,
-0.1307804068903114,
-0.07599587728312945
]
],
[
[
0.9117539981362401,
-0.058291109159310295,
-0.03273564041683841
],
[
-0.08824548475482635,
-0.05908030269358078,
-0.03337703823797031
]
],
[
[
0.4183556465470904,
0.7219063148184526,
-0.1510552995712054
],
[
0.33485468665957285,
0.10505727494839756,
0.6315843695673159
]
],
[
[
0.2892004186283516,
0.24414266491130485,
0.71314518628782
],
[
0.7595998308948289,
-0.12377955783194505,
-0.08895058788819415
]
],
[
[
-0.08330701069124086,
-0.026836813533271664,
-0.05157089393984632
],
[
0.4207502365911974,
0.2108865947138696,
0.778738610181005
]
]
],
"contact_id_pairs": [
[
0,
2
],
[
0,
5
],
[
2,
5
],
[
0,
1
],
[
0,
3
],
[
1,
3
],
[
1,
2
],
[
1,
4
],
[
2,
4
],
[
3,
4
],
[
3,
5
],
[
4,
5
]
],
"coupler_pt_pairs": [
[
[
-0.03316322212494993,
-0.057380593999981966,
0.0026201788747215737
],
[
-0.03313884916889437,
-0.05903681287059198,
-0.03334169294369821
]
],
[
[
-0.014696946969886548,
-0.02542936099335974,
0.0011611848157669913
],
[
-0.04363673228145587,
-0.008127522395150522,
0.013776066891188377
]
],
[
[
-0.07824546518132508,
-0.05907241073870978,
-0.03337062424388784
],
[
-0.07826643339545497,
-0.024459577176195846,
-0.04326779095400299
]
],
[
[
0.40411996006859896,
0.6992276947220853,
-0.03192894159184986
],
[
0.40944602454441775,
0.697773912982792,
0.0036451943633954986
]
],
[
[
0.37700957990727885,
0.652320017556074,
-0.029786989126654395
],
[
0.4065581243113365,
0.6347541398761106,
-0.04047921862934989
]
],
[
[
0.43608889623257874,
0.6255822084235932,
-0.003293909781236143
],
[
0.403861498627492,
0.614833279490683,
-0.015204224954576434
]
],
[
[
0.6872687629821957,
-0.05501645015362383,
-0.06871340640347143
],
[
0.6872485034383743,
-0.05846828753575456,
-0.032879637826432107
]
],
[
[
0.711781618782013,
-0.1214366493166516,
-0.07509775045122113
],
[
0.7433865887696639,
-0.11109839385722065,
-0.06130477742336221
]
],
[
[
0.7178814705434815,
-0.0584441121836784,
-0.03285998989791597
],
[
0.7178976594124642,
-0.09116226447461406,
-0.01784264292116361
]
],
[
[
0.34302639351333014,
0.16542435975352998,
0.55499241233788
],
[
0.37440649484055744,
0.1774988551323367,
0.567857093059477
]
],
[
[
0.33964685320988236,
0.14045858457930271,
0.586668243471961
],
[
0.3113189113487718,
0.15927660845559405,
0.598477598386816
]
],
[
[
0.34037285795952654,
0.20411821519695358,
0.6258891305371335
],
[
0.33554632596083667,
0.1707027383359754,
0.638386264954211
]
]
],
"half_couplers": [
{
"pose": [
[
-0.8660251391472413,
-0.0006770265885347737,
0.4999999999999998,
-0.03316322212494993
],
[
0.49944371965666823,
0.04600608187488675,
0.8651239283050913,
-0.05738059399998201
],
[
-0.023588752839283605,
0.9989409302183587,
-0.039504286779634024,
0.0026201788747215746
],
[
0.0,
0.0,
0.0,
1.0
]
],
"at_element": 0,
"to_element": 2
},
{
"pose": [
[
-0.0007588495225754333,
0.0006770265885330806,
-0.9999994828910667,
-0.03313884916889411
],
[
0.9989408479004585,
-0.046006081874887084,
-0.000789193534272925,
-0.05903681287059198
],
[
-0.046006592389737144,
-0.9989409302183587,
-0.0006413978211341487,
-0.033341692943698216
],
[
0.0,
0.0,
0.0,
1.0
]
],
"at_element": 2,
"to_element": 0
},
{
"pose": [
[
0.3221370261023826,
0.8038829121295669,
0.5000000000000004,
-0.014696946969886538
],
[
-0.1434498715187884,
-0.4806066198412289,
0.8651239283050911,
-0.02542936099335974
],
[
0.9357616527594814,
-0.35041338523360727,
-0.039504286779636244,
0.0011611848157669963
],
[
0.0,
0.0,
0.0,
1.0
]
],
"at_element": 0,
"to_element": 5
},
{
"pose": [
[
0.3157507799644177,
-0.8038829121295668,
0.5040572472824384,
-0.043636732281455884
],
[
0.8441000285132989,
0.48060661984122865,
0.237723408247141,
-0.008127522395150504
],
[
-0.43335503552596466,
0.35041338523360666,
0.8303095041208512,
0.013776066891188397
],
[
0.0,
0.0,
0.0,
1.0
]
],
"at_element": 5,
"to_element": 0
},
{
"pose": [
[
0.0008336484986202208,
0.0005824498092007468,
-0.9999994828910667,
-0.07824546518132489
],
[
-0.2749205064352168,
-0.9614666360903894,
-0.0007891935342723699,
-0.059072410738709794
],
[
-0.9614665985730263,
0.27492102218137193,
-0.0006413978211317062,
-0.033370624243887856
],
[
0.0,
0.0,
0.0,
1.0
]
],
"at_element": 2,
"to_element": 5
},
{
"pose": [
[
0.8636700482326979,
-0.0005824498092026481,
0.5040572472824383,
-0.07826643339545494
],
[
-0.1380923200485631,
0.961466636090389,
0.23772340824714108,
-0.02445957717619581
],
[
-0.4847726878954038,
-0.2749210221813738,
0.8303095041208514,
-0.04326779095400291
],
[
0.0,
0.0,
0.0,
1.0
]
],
"at_element": 5,
"to_element": 2
},
{
"pose": [
[
0.8532947348644131,
-0.14794625866398767,
0.49999999999999944,
0.4041199600685989
],
[
-0.4999298105922829,
0.04038283243076757,
0.8651239283050913,
0.6992276947220851
],
[
-0.1481832646888139,
-0.9881705983240936,
-0.039504286779638464,
-0.03192894159184985
],
[
0.0,
0.0,
0.0,
1.0
]
],
"at_element": 0,
"to_element": 1
},
{
"pose": [
[
0.9269320601772183,
0.14794625866398842,
0.34483164060588456,
0.40944602454441775
],
[
0.35403968848588957,
-0.040382832430767124,
-0.9343581357390126,
0.697773912982792
],
[
-0.12430951207543203,
0.9881705983240935,
-0.0898109893908936,
0.0036451943633954934
],
[
0.0,
0.0,
0.0,
1.0
]
],
"at_element": 1,
"to_element": 0
},
{
"pose": [
[
-0.27622305228009236,
-0.820792802958866,
0.4999999999999978,
0.37700957990727896
],
[
0.11607833568498427,
0.4879409889101034,
0.8651239283050924,
0.6523200175560742
],
[
-0.9540579884753724,
0.29700633991946823,
-0.03950428677963713,
-0.02978698912665438
],
[
0.0,
0.0,
0.0,
1.0
]
],
"at_element": 0,
"to_element": 3
},
{
"pose": [
[
-0.5650900497343665,
0.8207928029588677,
-0.0835009598875166,
0.4065581243113365
],
[
-0.6175846932630537,
-0.48794098891010296,
-0.6168490398700566,
0.6347541398761106
],
[
-0.5470487933798878,
-0.2970063399194639,
0.7826396691385205,
-0.040479218629349875
],
[
0.0,
0.0,
0.0,
1.0
]
],
"at_element": 3,
"to_element": 0
},
{
"pose": [
[
0.2823090835915145,
0.8952054071322257,
0.3448316406058838,
0.4360888962325786
],
[
0.19448409292323393,
0.2985813319317603,
-0.9343581357390125,
0.6255822084235932
],
[
-0.9394027458558689,
0.3308420578812225,
-0.08981098939089627,
-0.0032939097812361567
],
[
0.0,
0.0,
0.0,
1.0
]
],
"at_element": 1,
"to_element": 3
},
{
"pose": [
[
-0.4377612005866758,
-0.8952054071322263,
-0.08350095988751985,
0.403861498627492
],
[
0.7282488930532259,
-0.2985813319317596,
-0.616849039870054,
0.6148332794906831
],
[
0.5272747680551985,
-0.33084205788122123,
0.7826396691385221,
-0.01520422495457649
],
[
0.0,
0.0,
0.0,
1.0
]
],
"at_element": 3,
"to_element": 1
},
{
"pose": [
[
-0.9386643824745204,
0.0005627706291886081,
0.344831640605884,
0.6872687629821955
],
[
-0.3431921924781238,
0.09588531274588197,
-0.9343581357390122,
-0.05501645015362358
],
[
-0.03359011902010803,
-0.9953922292688661,
-0.08981098939089582,
-0.0687134064034714
],
[
0.0,
0.0,
0.0,
1.0
]
],
"at_element": 1,
"to_element": 2
},
{
"pose": [
[
0.0008470577420756076,
-0.0005627706291880252,
-0.9999994828910665,
0.6872485034383742
],
[
-0.9953920755025076,
-0.09588531274588163,
-0.000789193534270094,
-0.05846828753575457
],
[
-0.09588481902778812,
0.9953922292688664,
-0.0006413978211321503,
-0.032879637826432107
],
[
0.0,
0.0,
0.0,
1.0
]
],
"at_element": 2,
"to_element": 1
},
{
"pose": [
[
-0.33219690905626975,
-0.8779159146811928,
0.34483164060588367,
0.7117816187820128
],
[
-0.21096466247184065,
-0.28717378948375405,
-0.9343581357390127,
-0.12143664931665138
],
[
0.9193144863438208,
-0.3831381753141097,
-0.08981098939089627,
-0.07509775045122109
],
[
0.0,
0.0,
0.0,
1.0
]
],
"at_element": 1,
"to_element": 4
},
{
"pose": [
[
-0.08937583391967086,
0.877915914681193,
0.47039941226647775,
0.7433865887696638
],
[
0.8844006177322628,
0.28717378948375316,
-0.3679222227432491,
-0.1110983938572206
],
[
-0.45809115650267185,
0.3831381753141095,
-0.802095774176014,
-0.061304777423362156
],
[
0.0,
0.0,
0.0,
1.0
]
],
"at_element": 4,
"to_element": 1
},
{
"pose": [
[
-0.0009121378948824255,
-0.0004496910719681835,
-0.9999994828910665,
0.7178814705434815
],
[
0.4171482705701456,
0.9088381030381055,
-0.000789193534271454,
-0.05844411218367841
],
[
0.9088379879630899,
-0.4171487747123773,
-0.0006413978211317062,
-0.03285998989791596
],
[
0.0,
0.0,
0.0,
1.0
]
],
"at_element": 2,
"to_element": 4
},
{
"pose": [
[
0.8824535062638104,
0.00044969107196976554,
0.470399412266477,
0.7178976594124642
],
[
0.1965872337608935,
-0.9088381030381067,
-0.36792222274325204,
-0.09116226447461402
],
[
0.4273514581757584,
0.4171487747123742,
-0.8020957741760131,
-0.017842642921163526
],
[
0.0,
0.0,
0.0,
1.0
]
],
"at_element": 4,
"to_element": 2
},
{
"pose": [
[
-0.48293102207867755,
-0.8716680661879886,
-0.08350095988751849,
0.34302639351333014
],
[
0.7120412137242466,
-0.3354021048972291,
-0.6168490398700566,
0.16542435975352998
],
[
0.5096812120062368,
-0.3573516621181453,
0.7826396691385202,
0.5549924123378799
],
[
0.0,
0.0,
0.0,
1.0
]
],
"at_element": 3,
"to_element": 4
},
{
"pose": [
[
-0.13754699316030594,
0.8716680661879898,
0.47039941226647974,
0.3744064948405574
],
[
0.867259284206389,
0.33540210489722766,
-0.36792222274324665,
0.17749885513233676
],
[
-0.47847900542278865,
0.35735166211814334,
-0.8020957741760144,
0.5678570930594771
],
[
0.0,
0.0,
0.0,
1.0
]
],
"at_element": 4,
"to_element": 3
},
{
"pose": [
[
-0.6114412951333312,
0.786871738152755,
-0.08350095988751674,
0.33964685320988236
],
[
-0.5884461200716613,
-0.5227125651675091,
-0.6168490398700565,
0.14045858457930294
],
[
-0.5290280771171626,
-0.3280311599718305,
0.7826396691385205,
0.5866682434719608
],
[
0.0,
0.0,
0.0,
1.0
]
],
"at_element": 3,
"to_element": 5
},
{
"pose": [
[
0.35603252542220476,
-0.7868717381527551,
0.5040572472824385,
0.3113189113487717
],
[
0.8186935662305933,
0.5227125651675082,
0.23772340824714114,
0.159276608455594
],
[
-0.45053488816530135,
0.3280311599718321,
0.8303095041208512,
0.5984775983868158
],
[
0.0,
0.0,
0.0,
1.0
]
],
"at_element": 5,
"to_element": 3
},
{
"pose": [
[
-0.8722101122963086,
0.13406682269455736,
0.4703994122664774,
0.3403728579595265
],
[
-0.055756977886771024,
0.9281833856671868,
-0.3679222227432485,
0.20411821519695367
],
[
-0.4859430824952603,
-0.34713353284288817,
-0.8020957741760149,
0.6258891305371337
],
[
0.0,
0.0,
0.0,
1.0
]
],
"at_element": 4,
"to_element": 5
},
{
"pose": [
[
-0.8532012532308171,
-0.13406682269455705,
0.5040572472824383,
0.3355463259608368
],
[
0.2862921300747889,
-0.9281833856671875,
0.23772340824714167,
0.1707027383359755
],
[
0.435986740328881,
0.3471335328428863,
0.8303095041208511,
0.6383862649542114
],
[
0.0,
0.0,
0.0,
1.0
]
],
"at_element": 5,
"to_element": 4
}
],
"nstatus": 0,
"opt_line_pos": [
[
-0.4457806408816622,
-0.2654052158423895,
-0.1700595816062339
],
[
-0.045163954771226825,
0.4562927320244677,
-0.16411479658164
],
[
0.3859280520499673,
-0.32375949627168243,
-0.20284656293397124
],
[
-0.02911443283035547,
0.444020661440405,
-0.30528007416263203
],
[
-0.09950476215944637,
-0.06590403983229157,
0.44576408565616205
],
[
-0.5346426859893015,
-0.2948618939277851,
-0.23078101925221936
]
],
"opt_line_orient": [
[
0.5000000000000002,
0.865123928305091,
-0.03950428677963589
],
[
0.34483164060588406,
-0.9343581357390125,
-0.08981098939089582
],
[
-0.9999994828910665,
-0.0007891935342704906,
-0.0006413978211318948
],
[
-0.08350095988751753,
-0.6168490398700551,
0.7826396691385213
],
[
0.47039941226647725,
-0.3679222227432499,
-0.8020957741760141
],
[
0.5040572472824383,
0.23772340824714128,
0.8303095041208514
]
],
"opt_edge_ids": [
[
0,
1
],
[
1,
2
],
[
2,
0
],
[
1,
3
],
[
3,
2
],
[
0,
3
]
],
"opt_parameters": {
"pos_devi": 0.1,
"extra_collision_pairs": [],
"layers": [],
"contactopt_trust_region_start": 0.1,
"clamp_collision_dist": 0.024,
"clamp_t_bnd": 0.2,
"clamp_gap": 0.016,
"orient_devi": 0.4363323129985824,
"bar_collision_distance": 0.03,
"time_out": 300,
"debug_mode": true,
"fixed_contact_pairs": [
[
0,
2
],
[
0,
5
],
[
2,
5
],
[
0,
1
],
[
0,
3
],
[
1,
3
],
[
1,
2
],
[
1,
4
],
[
2,
4
],
[
3,
4
],
[
3,
5
],
[
4,
5
]
],
"adjustopt_trust_region_start": 0.1,
"bar_available_lengths": [
1.0
],
"opt_tol": 0.001,
"trust_region_lobnd": 1e-06,
"trust_region_upbnd": 1.0,
"contact_ignore_para_tol": 1e-06,
"line_para_tol": 0.0001,
"bigM": 1,
"pos_tol": 1e-06,
"duplicate_vertices_tol": 0.001,
"bar_contact_distance_tol": 0,
"bar_contact_distance": 0.018000000000000002,
"clamp_extension_length": 0.01,
"number_clamp_on_joint": [
3,
3.1
]
},
"fixed_edge_ids": [
0
]
}