kinematics:
  shoulder:
    x: 0
    y: 0
    z: 0.16277742194953954
    roll: -0
    pitch: 0
    yaw: 1.5962077368203431e-08
  upper_arm:
    x: 0.00016083391225532563
    y: 0
    z: 0
    roll: 1.5703771414169778
    pitch: 0
    yaw: 1.0781900370522432e-06
  forearm:
    x: -0.42488973509158889
    y: 0
    z: 0
    roll: 3.1414117780000659
    pitch: -3.1401550902842286
    yaw: -3.1415813822573773
  wrist_1:
    x: -0.39226798622706838
    y: -0.00086703514853630917
    z: 0.13341168361429087
    roll: 0.0064988531632061437
    pitch: -5.8042908223804233e-06
    yaw: -1.0446570439755053e-05
  wrist_2:
    x: -8.7680540231590569e-05
    y: -0.099626455858626672
    z: 6.7821493492025063e-05
    roll: 1.5701155690340123
    pitch: 0
    yaw: 4.7712023554247185e-07
  wrist_3:
    x: 2.4364211123539572e-05
    y: 0.09954815434254706
    z: 0.00019506727491878313
    roll: 1.5727558510727508
    pitch: 3.1415926535897931
    yaw: -3.1415923055323378
  hash: calib_6851184858945596520
