kinematics:
  shoulder:
    x: 0
    y: 0
    z: 0.16259148781817487
    roll: -0
    pitch: 0
    yaw: 2.5647354170987846e-08
  upper_arm:
    x: 0.00023359471720712897
    y: 0
    z: 0
    roll: 1.5711107287224337
    pitch: 0
    yaw: -1.7802943292899442e-06
  forearm:
    x: -0.42499643330913239
    y: 0
    z: 0
    roll: 3.14131706774335
    pitch: -3.1403310523433245
    yaw: -3.1415862087106925
  wrist_1:
    x: -0.39232014329390774
    y: -0.00058795838505928976
    z: 0.13335422137103983
    roll: 0.0044089686043255159
    pitch: -0.00024494798983188093
    yaw: -2.0361217207744108e-06
  wrist_2:
    x: -6.6261717548641769e-05
    y: -0.099618623890046137
    z: 0.00024427679826217558
    roll: 1.5683442119279991
    pitch: 0
    yaw: -6.8676975596010381e-08
  wrist_3:
    x: 6.2499321793959615e-05
    y: 0.099511976448761461
    z: 0.00020727282297258241
    roll: 1.5728792170220129
    pitch: 3.1415926535897931
    yaw: 3.1415926370094391
  hash: calib_8821127157613919133
