kinematics:
  shoulder:
    x: 0
    y: 0
    z: 0.1627782525221701
    roll: -0
    pitch: 0
    yaw: -4.8454313741896904e-08
  upper_arm:
    x: 0.00017951387097150235
    y: 0
    z: 0
    roll: 1.5703872163784984
    pitch: 0
    yaw: -4.4300287598275637e-06
  forearm:
    x: -0.42484922240722683
    y: 0
    z: 0
    roll: 1.7598778356909152e-05
    pitch: -0.0017646390504777454
    yaw: 2.2896679262627857e-05
  wrist_1:
    x: -0.39267466285441494
    y: -0.0007932258609161224
    z: 0.13276574606781064
    roll: 0.0059745562860579046
    pitch: -0.0017403184893875676
    yaw: -1.2182431672809177e-05
  wrist_2:
    x: -5.7633117397977084e-05
    y: -0.099557455213209314
    z: 0.00015287024635024139
    roll: 1.569260830273018
    pitch: 0
    yaw: 3.7474165375667162e-07
  wrist_3:
    x: 5.8942281949617339e-05
    y: 0.099514048224567206
    z: 0.00020241494029680382
    roll: 1.5728303578162324
    pitch: 3.1415926535897931
    yaw: 3.1415917754729397
  hash: calib_4742957972825998208
