kinematics:
  shoulder:
    x: 0
    y: 0
    z: 0.16257807277263761
    roll: -0
    pitch: 0
    yaw: 4.6516974902630764e-08
  upper_arm:
    x: 0.00019007197441139241
    y: 0
    z: 0
    roll: 1.5713901981958054
    pitch: 0
    yaw: -2.6681008682416518e-06
  forearm:
    x: -0.42492076346025309
    y: 0
    z: 0
    roll: 0.00053885028029254363
    pitch: -0.00088899660595502864
    yaw: -9.0893692096143134e-06
  wrist_1:
    x: -0.39208100648997279
    y: -0.00090760192761138176
    z: 0.13352893003432456
    roll: 0.0067969386915389153
    pitch: 0.0021092387583197063
    yaw: -6.9072557868343565e-06
  wrist_2:
    x: 0.00013627350480989177
    y: -0.099746834502379381
    z: 7.3743752427287777e-06
    roll: 1.5707223958750225
    pitch: 0
    yaw: -2.1941801741677536e-07
  wrist_3:
    x: 2.5819376543512202e-05
    y: 0.099466410942852038
    z: 1.8368979052949448e-05
    roll: 1.5709810019899699
    pitch: 3.1415926535897931
    yaw: -3.1415925563992939
  hash: calib_13008775027414761621
